[-0.00365802  0.16138071  0.03495511 -0.03545953 -0.00753933  0.0323783
 -0.03509244  0.00667959  0.24496563 -0.09675442  0.18790214  0.01430039
 -0.16489807 -0.03976048 -0.01631154  0.10050996 -0.12901548 -0.06099868
 -0.07920136 -0.01365814  0.02750148  0.06205894  0.04351364  0.02890443
 -0.16355388 -0.3461605  -0.02832714 -0.16450092 -0.02162814 -0.12195399
 -0.03396839  0.0437565  -0.14344451 -0.07918589 -0.0443172   0.01569789
 -0.05810488 -0.02928114  0.18529606  0.08511428 -0.14069426 -0.0160184
 -0.01294038  0.30595061  0.15477774  0.0369392   0.01288723 -0.02182937
  0.08268829 -0.23551606  0.10343355  0.02783935  0.13549876  0.09229773
  0.08143761 -0.1197513  -0.00267843  0.02051397 -0.25716385  0.04444403
  0.04517936 -0.01146272 -0.05803279 -0.03963566  0.25205547  0.14077559
 -0.10626198 -0.05143106  0.10116783 -0.14225355  0.00490008  0.04422183
 -0.03761288 -0.1985456  -0.1915008   0.11456737  0.34609988  0.2420647
 -0.17367762 -0.04001532 -0.05568021 -0.0829704   0.05167051  0.07729279
 -0.0701017   0.05921968  0.00352525  0.05914116  0.10681625 -0.00651077
 -0.09303313  0.21408285 -0.0112582   0.00578376  0.00744613 -0.04423799
 -0.1196319   0.06020796 -0.14322621  0.0099953   0.03464375 -0.03436912
  0.00068888  0.06767845 -0.1170462   0.15769616  0.0109963  -0.08172131
  0.04953098  0.09194192 -0.16328037 -0.12095869  0.15442197 -0.21024755
  0.11223508  0.08538356  0.04937548  0.18523557  0.07021573  0.09744166
  0.04703044  0.01830319 -0.15854627 -0.05148504  0.11801712  0.00950037
  0.11437789  0.0078114 ]